1111011111100100010001100011000011101010111011101010011010010111
0100001100000001011000101100000101010101111111111111111111111101
0010111111001111001111110001111100000111000100010000101100000000
0000011100000011010000110001011100000111000101110000110100001001
0000000001010010001111001111000011001100101000011110110010011001
0000110000110000011110001100001001110010111011100001011011000111
1101111111001111110011111001111100011011010000011000011100001000
0111111111101111111100111100010110011001010010001100000100000000
0001100000000000000000000110111111011101110100111110001110101011
0001000000111100000111001111111100010010001100110100010100001100
1110001111010011000000110000101110011111101000110000001100000011
0000000000011000000110000011100000011000001101001111111011111101
1000001110000000101111001111100011111100011011000001100000000000
0000000000010100000111000001110000001000010111101010110101101110
1111111111001011110111111000100010010010000010101100000011110101
1101111111111111001111110000111110001100100000000000000000010000
1100011110001111000000000000000100011110011111010111111101111111
0101001000110000101111000111110011111111111111100011111000000111
0000000000000000101101110011101000111011000111110001000000000000
0001100000011100000111000001110000011000001111101110111111111111
0110000010001000110010000101100000100000001100100001101110101011
1111111111110111110001111100001110000001100000011000000011000000
0100001001100011001100010000000001001001001011000111010100101000
1111111111100101100010011000000010100001100001111000000110000111
0111111100011111111111100011100010111000000000000000001000000001
0100100001110110010110110110011101011011010001010101000100000001
0000010000010000111010000010110010001000101111111000101011110111
1111111111111111100000111001001110010111100000111000001110101111
1111111111111111111101111010001011001000100101000001100000100000
0000011100000011010000110001011100000111000101110000110100001001
1111111110100111000011110100000001011010011011001101100000011000
0000011001100110011001101110110000000000011001100110011010101000
0000000011111111110111111000001110000001111100111111001100000000
0101000000110000101111000111110011111111111111100011111000000111
1101111111111111001111110000111010001100100000000000000000010000
0111111111111111111111111111011111100111011010001110000000000000
1111111110111111011001100001110100000011000111110000110000001000
1111111100011001000010010000000100000011000000111000000011111111
0111001010011000111111111001110100110011011011111000000000001001
0100010010110010101110101110010011100000100000000101100000101000
1111100111100000110000011100000111000000110000011110010111110111
0000000000000100000111000001100000001000010111101010110100101010
0001001110001011001011010010111100001010100010011011000010111111
1101100111010100100100101010000110000110100000101000000110001001
0000101100010011000011011011111011111110000101001010100000000101
1001011111111111101111011110110010111100001111110011100100000111
1111111111000111100001110010011110000011000001010000001100000111
1011101110011101100101111000101111100011100001001001011011111111
1111111011101010111101101011010001100100000000000000000000000000
0000000000001100000110000100110010111100111101011111110111100011
0111111011111110111111111110111110000111100001110000001000000000
1111011111100011110000111100001011000010110000001110000011110000
0100010001101000111100000010011000110101100111111110010000011101
1100000011100000110000101111011011110110101111010111110000111100
1110000010011110111111111010110000000000000000010000000100000011
0111000001110101111101111110001111100011111000010110000000000000
0001110000010000001100100011111100111011111111111100001101111111
0101100000011101010101010101011100110111010101100101001100011001
0101111110100111111111101000101010000001100100010111000111000000
1111110011111100111111000011000000100101011101000100111000001011
1001001000000010000000000101010000000110011011101111111011111110
1111101011110010001111101000010010000001100011111000111110001111
1011011111111100111111101110110010111100111011000011000000001000
0010000001100111111111111111111101111111101000000000000001000000
1111100011111000111110001011000011110000111100001111000011110111
0101111001010010110011111111111111100111001111000001110000010000
1101111111111111001111110000111110001100100000000000000000010000
1011110000111100011111001111110011111000111000000000100000000000
0101011100001011000110010101100100011001010101000101101001010011
1100100011000111110000001100000111000001111001001110100111111101
1000010110111111010011110111000101100011001110000000100000000101
1110110001001101001000001100101010010001100001110110011111000111
0011110001111100011110000010011000110100111101110000111000000100
1101101011000100111101111100100010000000110100010000011010000000
0010101000011010110010001000010110000001110000111101011111100111
1110101011000111000010000110000111000011100001000011110010111000
1000110100000111110001111110011100100010111001110110011100000111
0110111011100110101111101011111001111001001110000001010010000010
1111110011111110111011111110111110100000000001100011111010011110
1111011110111101100011111000011011000000111000001110011101111111
0000000000011000011111100111111110111111101111010001100100100000
0000010011111100111011010000111100101000111011111011000011100000
1111111111001111110010011100001110000001100000011000000111111111
1111111011000010101111100111010001010110010000110100011001000010
0011101100011111100110000100100011111000000111010001111000010110
0000001100000001111000011111001011100011111000011011010111111011
0001100011110011101100001110001010000011110000011110100111110001
0000000011111101111010111101111111011011100100011101110100000011
1000011100000111000000110000011101010011100001111000111111000101
0100100000111100111111101111111011111111111000000000000000000000
0010000100111001001110001111110001110110100000010110001011111010
0000000000000000011001000110101001110111000111110001000000000000
0100000000001100010011101111111011011111110111111110111100001100
0001111100111110011001000100010000000000000000000000000001000011
0000011000010110000000000111011001000100000001010010100000111110
1100000010000000010011111101111010000110010101101111010111110000
1111001011011011110111001101001110000001101001011010100100100110
1111000101110001001011010100001000001100000100101111011111111111
0111111001111111001111000011111000111100001111000011110000111000
0101100101110101100101010001101110100010010110101000000100000001
1111111110000111110001111000011011000110010101001101111011011110
0100101111111010111001111100101011100001010100001110000011100100
0011000001001000110111101100111000111110011101100000010001111101
1110110111100101111111011101000011000000010001011110000111000001
0000001100010111000000111100001110010011001001100000111100110111
0000011100101011000000110001001100011111011010110011101100111010
1111111111111111011111110110011001100010110000000110000000000000
0000111101111111011111110100111100011111000010010000000000000000
1101100111010100100100101000000110000110100000101000000110000011
0001111100111100011101000000010100000101000000010100001100000011
1111111110000111110001111000011011000110010101001101111011011110
0011000000000111100111111111111111111001111111000011101100110111
1111110001111110011111000011100000111000001110000011100000000000
0001111101110100111110001100111011000111000000000000000101000000
1010111001011110000111111111001100001001110000010100000101100111
1100100000111000011110010110111001111110101010001001110100000000
0001111011111111001111000101011001111011011101101001000000010100
1000100001000000100000100101000100111101111111111111110111111111
1111111111110111110001111110001110000001100000011000000011100000
0010110000111110011111110111111101111101000110110000111000000000
1011111000110000110000001000011010000010111101101111101011101111
1100011110110011100000011000100111000000100000001000000010000001
1100110011000001011000001001000011100001110100111110000111101111
1111111111101111110000111000001110100000101101001110000011000010
1111111111111111111111111110001011101010010000000000000000000000
1110011110001101100011110010000100001010000000110000011100000111
0011011000011011100110100000110000110000001101100010001101111000
1011100110111000001100000011000100001011000001000000001100100111
1000001110100101010001011101011110100101100100010000001100101101
0000000010001000000111101011110010111101110111001101011011010010
1100111111001111110111101011111001100101100001100000101100000001
0110101101001111010001110010011101000011010000110000001100000011
1111111110000011000000000001001001110000100101011111110011111100
0111111101100111001100110011001110000111110010010000111010001100
1110011101001011000010010101111001000110010100100101100101001110
0111110011101100001000000010000000001100000110101101111011111111
1111111111111111100001111000011111000000110100001110000011000001
0001001000010011110100111110001111000011110001111111011111111111
0011101100110010101111110011111100000011011001101011101100011001
1011111110010111100000001001110010011100100011001000010001000100
1111001111110111101100110101000001001000010010000110010001000000
1111111110000110100010011011001110000011100000010010101100111000
0001100000101110011101110001100101100110011111100010000000010111
1100000000000000001111000111011001011100000001000000010000001000
1111111011110000111110010101000111101001110000001100001111000001
1000011110000011110000111100000110000000100000001000000000000110
0000110000011110000111100011110000111111000111100001101000000000
1000000011111000110100000101000010000000111000011110001101111010
1111011111100111111001111110011101100110011001100110011001100000
1111111101011110000111000001100010100000100001100000011000110110
0101010001011000001111110011111100111110001111100011111000010100
1101100111010100100100101000000110000110100000001000100110001001
0000100001000000010011111111111111111110111000000000000000000000
1000010111011001001110000110000111001101010101010111000010001111
1111111110000001111001001101111001111100001100101000011010111100
0100111101000111010000111100001100000010001000000010000000100000
1101111011111111000111110011111000111110000111001001111010111100
0111110101111100111111001111110001011000011100000110000000100000
1111111111101111110110111010010110100011110000110000000100010000
0000110000011110011001100000001100011011000000110000001111111111
1111111111111111011111110110011001100010110000000110000000000000
1111111111111111100000010000000110100111111100110110011111001111
1110001111111011111010111111111100000001100000100000010000000001
0000010001111100111011010000111100101000111011101011000011100010
1001011111111111101111011110110010111100001111110011100100000111
1110000110110111110001100100000110001010100000111000000111000111
1111111111010111111001010001111100000001100000010000000110000001
1011000000111110011101111011011111010001010001011001110100001001
1111101011111100001100101101100000111000110000000000010001000000
0000001000000110000011110100101011001010110110001101100011111100
0111111001111110011111100011111000111110000111100010111001111110
1111011110001001011100010000101110000001010101111010000110001000
0011111110111111101000101000001000000011000100110011111101111111
0011001000011111000101110001011001111111011100110010010100000110
1000011100000111000000110000011101010011100001111000111111000101
1000011110000111100000111001011110110011110011111000111110000001
1111111111110111110001111110001110000001100000011000000011100000
1111100001111100011111110011111100111101000101000001111000010001
1111000100111110101110000110011010111010010101000110101000010110
1111111111010001000001010010010110100110001101111110110100010111
1110001111000011000000000000000001110100100101101000010110111101
0111110011100000011000011010110111100001101000101001000010110010
0001101000000000010011000001110000011110100101111100111111000111
1110000011111000000011001110100011101100111110001110011011100000
1111111111111111111101111000101110000011100000001000000000000000
1101111011101110110000011000011110000110100001011100110011110000
1100000011100000110010101111011011110110101111110111110100111100
0111111101111111001110110011111100011111000000000000000000000000
0001100001010100001010101011000100000011100100111000011111000111
1001111110110111111100110101101000111011000001110001011100000111
0000111100000111001001110011011101111101011101101011111111001111
1110111011100010111111111111011111000001101000000000000010000000
1110111110011111110110001010110100110111011100100010010000000000
0000111000111110011111100111101001100010011111100000110000000000
1111110011111111110001110000000100000000010000010111100011100000
1111111111100111111001111110001111100011111001110100011100000111
1110000111010011100101011001000110001001100000011011001100110011
1111111111100111110000110001011111000111110100111101001111001111
1000110011111000011100000110000001110000011000001100010111100111
1111111110000001100101111000000110111001110110011110000011111100
1000110011111010011100000111000001110000011001001111010011100101
1001001000000010000000000101010000000110011011101111111011111110
1111111111100011110000011100000111000001110000111110011111110111
0100101101111000111100101101101011101100010010001000000011100111
1111000100111110101110000110011010111010110101000010101000010111
0000000011100111110001111110001111100011101001111100011111001111
0000101000001110000011100001110000100100001110000011111100111110
0011101100011111100110000100100011111000000111010001111000010110
0011111100111110011000100000001000000000000000010000000100000001
1111110001111100111110010110000000001000100000000000000001000000
0101001000001111000001110010101101101111001111000111101011110100
1111101111111000100000000000000000100010000000100000001000010010
1100100011000101110000011100000011000001111000001011110111111111
0001111110001111100011110000011001001101000011111001111111111111
0011111100000111000111110011111100111111000100110000001111100001
1111111111111111100100001100110010100100111000100010101010111110
0000011111100001000010010000101010000111000010101000111111010111
0111011100101101011100101011111101100100000011110001111100001000
1010000011101011101001110000010101001011000000101001001100000000
1100001111000100111001111110111111111110100001101100000000110011
0011000000000111100111111111111111111001111110000001111100111111
0000000000010100001011000001111000110110001111101111110011000000
0111110111111101101110010111100110100001100001001110100011000000
0000000001000000011111100111011001101110011111100111111001111110
0011111100111111000010110111100001110000001000000011000000001100
0110001100000011000000000000000010111111011111110001111100111101
1111110011111100101100001011101011011110111111110000101000001110
0011111110111000100111101000001010110000100001011110000111010110
1111111001001011010001100010101111100010011010110100000001001010
1111111100100011000000011000010000000001000000001000000111001111
1111101011110010001111101000010010000001100011111000111110001111
1000011010101111101111110001111110101001100000000000000100000001
0001111100011110001001110000000100000111000001111000001100000011
0001110000011000000110100001110100110001001110110001100000110000
0000011000010110011111100110111001111110011011100000000000000000
1111000111000101110000011100001111100011110100011100101111100111
1100011111111111111111111111111111110001000000000000000011110000
1100000111001011100010011100010111101100000000011100110111111101
1111111111010011110001011001000010111001000000011001000111100111
0011110000111111000110110000101100001011001111110000011000000000
1100101101111111111111111110011111110111001111110000010000000010
1110001011100010111000001111100011101001000010110001111001111111
0000000010000000111100001111111101000001000111111001010011100011
0111101100001011101000110000101110000111000011011100001110100001
0011111110110101101001111000101110000011000000111110001100010011
0111110011111111111110110000001011101111100100010100001000010000
0010000100111001001110001111110001110110100000010110001011111010
1001000000000100101000101000000010100011110101101111000011100111
0000000000000000011110000010100000011000011000000111000000000000
0000111100110011001110111100100010011011100000110101101100111101
0111100011001111011101100101010001000010000001110110010110010101
0101111001010010110001111101111111100111001111000001110000010011
0000000000000000011110111111110110011011111111100000000000000000
0010000001010100100000011110001011010100110010010110010001001110
0000000000111100111111101110110000110011110011100100000110000000
1111111111001011000100000000000011000000100000001000001111101111
1111001101110001001011010100001000001100000100101111011111111111
1100110011010010111011011110010111110011101101110000011010000101
1110111110011101010001101010011000101010101001001110001010100000
0001110000110000010110100010001010001111101011111110101101111011
0000000100000001000000010000110101111101110110011011100100111111
0011011001011100011111000111111001110100001111000001000000001000
0000000000011101000111110011011101011111000001110110000100000001
0010010101010110000101111110101000100100100000100010101110001111
1110110000111100011010101100001001110100000000000110011000010011
0000100000011111010011110001011111000111100110011110010011011110
0011100000101010001001100110011011100101110011110110101000001001
0111010100111011111111011011111111110011011111010101101101111111
0000000000111110001110011000110111101001101111010111110100111101
0101010000111000011100000101100001011100011101000101110000101111
0100000001000011001110000011011101101011110111001111111000001110
1111100011111100111110001111100011101100101001001111110000000001
1101110100111100011101001011110001111100111010000001101000110111
0000111100111111010111111110110100100110011111101110111001100000
0000000000111100001110010111011101111011000011000000110000001000
0000001100100011011110010111000101100000011100010101100011110001
1110000011101000000100100001010000000000011110000000110111110010
0011001110010100000111101100000111010001101111000101110010110010
0001101111001011000000010100000100000000011100110111010010010111
1111111111000111110000011101000001010000010000100101001000010010
1111111111110111111000111011011100000011000000111001101111100111
0111101010111111000000111101101100000001000000010000101001111100
1110011110001101100011110010000100001010000000110000011100000111
1011110010111100001110111000100100100001101000101001101010110011
0000010001111100111011010000111100111000111010101111000011100000
1100100010011100100111001001001010110010001101001001010011010000
0010111100101011010011110000101101001011000011110000111000011110
1011111110100110111000011111001111011111111100000000000000000000
0000000000001100110111001011111011111000110001101110010011111000
0101111101001100001111000111000101010000000001010110000111100011
1011100001111000011111000110010011101000101111000110000100100110
0011100001111110000110011001001000001000110011110000110010111111
1111110011111000111111001111100011110000111110001110000001110010
0000000000101000010011000111110000111100011110000010100000001100
0001100000000100001010100111110101101100110111110001110000000000
0111000001111000111100001110011011110100111110000111000000000010
0110100010010110001011001101110010001110111010100100110001101111
0011000101010000110100001101010011001010110011101110011011011101
0000001010000001110111000111101010010100101100000001100111000010
1010110111001101111110110011001000010000010000100100010000010000
0001000011010101111001011100100111001001110000111001001111001011
0000001111001001111100010100101101000010110001111000001101000100
1111111101111111010101110000010000010000000001000001110000111100
0011111100001010101111011111000101110111011010111000001101110000
0110111011100110101111101011111001111001001110000001010010000010
1001111111000011000000010000100110000001010110011111101100101111
1100000001000000111111001010111010010110101100100101101110001011
1101101100010001010100011110000100010001010100010111101111111111
1000001101001111010010110000011100011111001111110010111100111111
0110010011101010111110101110011011100000110100011100000101100110
0110000000101100101011010111011101011111011111110111000000010000
1001000000011000000010000011100011111000111111101000111000001100
0000111100101000000001110010000010001001001001111001101110111111
1110111110100011010010000010011000101000000010110000000000001000
0000111100011110000111110000111100001101111111111111111011111111
0001110100001100100111011011111001010110111001111000100101100111
0101011011111000010011010010111010010001100111010000100010000010
1100011010111100101010001001111011011001101110011101111001111110
1111111111001111011011110001001100000001010000010000000100000001
0101110101111101110110100111001100011111000001110000110100110000
0001101000010010000111000000010000000100000101000011101011111110
0001000000011000001110000111110000111000000001010001111011111010
0001110000111000011101100111100101101100000110000111111000101110
1111101111111100000011000101010000000100011000001110100110001001
0001111011000011100000010001011010111101010011111011101100111111
0010000001100110011001100110111001101110011101111111011110111111
1110111110100000100010010010011000101000000010100000000000001100
0000100001100000011110000110001110100001110111110110011011100111
0101111110100111111111101000101010000001100100010111000111100000
0101010001111110010001100001100001111110001011100010111000010100
0100001011100111111001011010011110101111111100010001000100000000
0011000001111110011111101111011011111100111010001101000000000000
0000111100001011010011110000011100010111000000110010001101100001
0101111010100100001100010011101001011000011110100011100000010010
0000000001100100011111101111111011111100001011100001011001001110
1110001100010110101011000101100001111110001110110101101001000010
0011101100111011001111001111111010110000000101100100000000000000
1011011110000011110001111010011110001111000011111010100001001000
0011000000100110011001100011101000001010000010110100101001111010
1111111110000111110001111000011011000110010101001101111011011110
0011111000001100101111000011110100001100011110110010000100000100
1110000111010011100101011001000110001001100000011011000100010011
0011000101110011001101110011001100110010011100101110101011111110
0101100001111110011111100110111000011110001111000000000000000000
1111111111000011111000111110011110000011000011000000010000000010
0000000000011100000000000011001011011000110101001011011101111110
0000000000011000001110000001100000010000000111001111111101111011
0001100000011000010110000111000001111100010111011110010111000100
0000000000001100000110000100110010111100111101011111111011100111
1110001110000000000100101100010000011100000110001101100001000011
0100110010100000100111001011110100111101001001011101000111011010
0001111100011111001101110000001111111000111011001111011111111111
0100011101110000111110001100010011000100111001001111011010110100
0000000000000000011100000010100011100000111100001100000000010000
1101010000100010101000011011110101010010101000001011111111011001
0010000001110000011110110101001101110111001101110011100000011110
0011111110111101001001000110101001011110011011100001100000010100
0011110000111110011011010001011000111111000101101000110011001101
0000011000010110000000000111111001000100000001010010100000111110
1110000111010011101101011001000110011001100000011011000100010001
0111100001111000011110000100110000011100001100100100000000000011
0100010000010000001110000011010001111100011111000111110000111000
1111111101110111001101011010101110001111001001110000101101001011
0000000000000000100000000000100001101110011111100011100100111011
1111100011111000111100001111000011110000111100001111000011110000
0111011011110000001110010001100000011010111001011000010111111101
0000011100011011000000110001001101010111011110110011001101100010
1001101010111000001111111001111001011110000001001000010111000011
1011111111000111001001111001010110000010100000011110100110100011
0001111000011110000111100001111000101111001011101000011111101111
0011000000111000001111011011111111111111110011111000001111000101
0011111101111011000010101010000001000110111000001110001011011011
0001110001111100101110010111111001111010011111000111111001111001
1011100110110000001100000111100010001011000000100001000101000111
0111100111001111111000011011100001111100111010111111010010000000
1111110011111111111111101101000011111110110010001100000000000000
0001110100110011001100010000101000001100000001110110011111011110
0111111010111011001111100011111000011010001011100001111010010000
1111111111111111011111110110011001100010110000000110000000000000
1110000111111000110000001100001011100001110000011101010111001111
1111111111000111100001111000011110000111100001111101111111111111
1111111111110000111011111111100011011001000001000000000011110000
0000000000011000001110000011110000011000000011000011111001111111
0011000000100110011000100011101000011010000010110100101001111010
1001000110110001111111010010101111100011000110100110001010000100
0000100000011110010011110001011111000111110110011100000011101111
0000110100101100011110101101010000111100001110000110100001110000
0001111000010000000100111101001111000011110000111110000111100110
1010000111100000011001000110111000001110000011110000010100001001
1111110000111000001111001000000010100000101110011011110001111100
1101110011111110110001111100001000000010000000110000111010011110
1100111111000011110100001111100011110000111100011111001011100001
1000111110001111110011110000001100000011000000110010000100010001
0111001111100111100000001000010110110011111101010111110000000111
0000011100000111000101111001111100110111000111110000100100000100
1111111111100111111001111110001111000000010000000110000000100000
1111000011101000111100101110011010011000000111100110000001100000
1110011111111011111111111110010111101011101000000001100000000000
1111111111101111110000111000001110100000101101001110000011000010
0000000000001100000110000100110010111100111101011111110111100011
0110011001100110011001100110011101100111011000110110001100100000
0001110000111110101011001110110011111110110111101111011111001000
0001110001111100011110101110100000010000110001100010010000000000
0000000010111111001000010000001011111111000011101010000111111111
0001110000011110101110111011111001111110110110001010110010000000
1111111111100111110000111001100110011001100000011010011111111101
1111100111111011111100011001100111111000100000001010000011000000
1110001111000001100000110000111100000111100100111101001111000111
1110001011110111000011010111001000010001110010100111001111000011
0010101100101111000101110000111100100011011001010111111100110111
1111111111111111011110001110000011100000110000001000000000000000
1100010010111101100100010110000100001011100001011010010111010011
1011111110111101101101111111001110000011100000010000001010000011
0001100001100011101111101010110000101011000000011110011111101100
0001000010010111110101010011101000101101100000001010000010010001
1000001110000011100000111000011100001111000001110000011110000111
1000111111110000111010011110001011000000001000001110000110110101
1110001011110111000011010111001000010001110010100111001111000011
1000001110101111110000011000100100110110101010000000000100001000
0000011010101100001111101011100111110101111000011110000110000000
0001110000011100011111000011111010111100111111001011110010111100
1111110011101100110011001110010011001000110000101110001011100010
1111110011110000111000001000110000010000000000000000001000100000
1110010111100110110001110010011011100000111000001110000011110000
0000000000011100001111111111111101111101111011001100000010110000
1100001110000011100000010010010000000110111010101010011111001010
0111110001111111001111110001110000111100001110000011000000110010
1001111010011100000111100101101111011011110101110100000100000001
0111110001111100111110101101110001111110011111000011100000111111
1110110101110100001111010001000100101101010000000000010001000000
0000010000000000001110010111010011111110111100001111000010011000
0000000000111000011101000001010011001000010001000110010000101000
1111111111110111110000111100001111001011110000111100001111101011
0010000011011000111000001101000011110100111101001110110011101010
0000100000011111010011110001001111000111110110011110000011011110
0001111000111111001111110000100010100000101111110101100001000010
0000101000001010111110101110100011111000011110000101100000000010
1011111100111111001111000011100100000001000000011000000110000001
0000010001111100111011010000111100111000111011111111000011100000
1000011100000111000000110001011101010011100001111000111111000101
1001111111111111111111010111110011111100001101000010111100101001
1000001111010001100000111000001100000011110000111000001110000001
1111111110100000100010010010011000101000000010100000000000001100
1000110011111000011100000110000001110000011000001100010111100111
1111111110000111110001111000011011000110010101001101111011011110
1111111111001011110111111000100010000010000010101100000011110101
1111111111111111111111111100001111000011100000011000000110000000
1111111111111100111111101110110010111100111011000011000000001000
0000100000001000000111000000100000001000000110000001100001111111
1111111111110111110001111110011110000001100000011000000011100000
1111101110001001100000011010000110000100100001001000000010000001
0001111100111100011101000000010100000001000000010100001100000011
0001010011000000110000010101100011011010100000111101111110111111
0000000100000000111111000110111001111110110110001110000011000001
1111000011110000101110000011100100011100000111001100000010011100
0100010000000011010001111100001111000011111000111101000111100001
0011000100111001010101010100011101111101000011000011110011111100
0101000001000000011000001000000010000000100000101000001110000011
